100099999998
100000000998
-99999999000
99999999000
-100000000998
-100000000998
-99999999000
99999999000
99900000000
-99999999000
-100000000998
-100000000998
-99999999000
99999999000
100000000998
-1476434256335201019505915952536059041319057206399521214104693657122061789167297053187930937033
9999999899900000001
11386878964471969137416693151577
129661012551534224181237491966943866835916846940669172697586929
2952868512670402039011831905072118082638114412799042428209387314244123578334594106375861874066